-0.780798277351296
0.08038838722752398
0.013341795130068237
0.5480903426322904
-0.7264191974044062
-0.017064810708705108
-0.6405632489180872
0.661778958947267
0.7250234911400808
0.009089437948186604
0.5044211685146347
-0.24370662519092356
-0.2527008671906842
0.5665270488745615
-0.3803130903769866
-0.11854799550948603
0.8166346040895266
-0.14970682130207935
0.036807771887642504
-0.8775948149028969
-0.0311079461901127
-0.825459115892954
0.5711241654862409
-0.5789475844935664
0.615888079803818
-0.4885265541686525
0.1006506397906978
-0.7678840740101999
0.07886693914393483
0.39113402352617854
-0.5986389977118457
-0.07596167737190646
0.7087826376431532
0.6114082522040314
0.06031747513028801
0.3958844993499355
-0.5752122857492272
-0.7046105869089766
-0.08893395103789489
-0.5893180590288742
-0.5370023050677689
-0.9196863496488121
-0.8389758958675347
-0.590902261586992
-0.5159814224224601
-0.010975059232862188
0.5663691544703107
0.4259799258324585
-0.38510725438221605
-0.7042497152246666
0.9341080342166956
-0.7411026884787838
-0.613236905917993
0.3126299267063063
-1.0
-1.0
0.5558894069624685
0.03413691914397695
1.0
-1.0
1.0
-1.0
-1.0
0.4120777750466792
-1.0
0.17452648955737624
-1.0
-1.0
1.0
-1.0
-1.0
-0.07834010090573024
-1.0
-0.3306031075587117
0.14839914098160512
-1.0
1.0
-1.0
-1.0
-1.0
-1.0
-1.0
-0.4183160392636623
-1.0
-1.0
1.0
1.0
0.28393011410781216
0.446234877259192
-1.0
-1.0
-1.0
-1.0
-1.0
-1.0
-0.23622804283576
-0.41844584816496294
1.0
-1.0
-1.0
-1.0
-1.0
-1.0
1.0
0.1997060275496702
-1.0
